P
r
o
c
e
s
o
s
,
 
T
i
e
m
p
o
 
P
a
r
a
l
e
l
o
,
 
A
c
e
l
e
r
a
c
i
รณ
n
,
 
E
f
i
c
i
e
n
c
i
a


1
,
 
2
.
3
6
2
2
3
0
7
7
7
7
4
0
4
7
8
5
,
 
1
,
 
1


2
,
 
1
.
4
2
1
6
6
7
8
1
4
2
5
4
7
6
0
7
,
 
1
.
6
6
1
5
9
1
2
3
3
9
4
0
0
9
,
 
0
.
8
3
0
7
9
5
6
1
6
9
7
0
0
4
5


4
,
 
1
.
3
9
6
1
2
3
8
8
6
1
0
8
3
9
8
4
,
 
1
.
6
9
1
9
9
2
2
3
7
3
9
7
3
8
3
2
,
 
0
.
4
2
2
9
9
8
0
5
9
3
4
9
3
4
5
8


8
,
 
1
.
6
8
1
1
1
3
2
4
3
1
0
3
0
2
7
3
,
 
1
.
4
0
5
1
5
8
6
2
7
7
3
1
8
4
3
3
,
 
0
.
1
7
5
6
4
4
8
2
8
4
6
6
4
8
0
4
